image_width: 672
image_height: 376
camera_name: left_camera
camera_matrix:
  rows: 3
  cols: 3
  data: [351.5788398430337, 0.0, 342.09938452935165, 0.0, 351.5788398430337, 181.34122552210138, 0.0, 0.0, 1.0]
  distortion_model: plumb_bob
distortion_coefficients:
  rows: 1
  cols: 5
  data: [-0.1672404237299086, 0.023459203237206856, 0.0, 0.0, 0.0]
rectification_matrix:
  rows: 3
  cols: 3
  data: [0.9978414232380483, 0.00510852711675525, -0.06547058133973868, -0.004432395629539954, 0.9999353816566836, 0.010468351354716729, 0.06551982859599982, -0.010155563096152793, 0.997799587391652]
projection_matrix:
  rows: 3
  cols: 4
  data: [347.3702286280392, 0.0, 399.0559310913086, 0.0, 0.0, 347.3702286280392, 180.82599449157715, 0.0, 0.0, 0.0, 1.0, 0.0]
