image_width: 672
image_height: 376
camera_name: left_camera
camera_matrix:
  rows: 3
  cols: 3
  data: [351.0545266005114, 0.0, 356.19249877427666, 0.0, 351.0545266005114, 191.63204785529481, 0.0, 0.0, 1.0]
  distortion_model: plumb_bob
distortion_coefficients:
  rows: 1
  cols: 5
  data: [-0.16437929290599532, 0.021345606467456806, 0.0, 0.0, 0.0]
rectification_matrix:
  rows: 3
  cols: 3
  data: [0.9978650625862644, -0.038343455644471267, -0.05286867010764528, 0.03858692945763021, 0.9992487915376723, 0.0035918637965929516, 0.05269123024510277, -0.0056242350361509885, 0.9985950141251035]
projection_matrix:
  rows: 3
  cols: 4
  data: [359.2929248904484, 0.0, 401.4061164855957, 0.0, 0.0, 359.2929248904484, 185.6399745941162, 0.0, 0.0, 0.0, 1.0, 0.0]
