image_width: 672
image_height: 376
camera_name: left_camera
camera_matrix:
  rows: 3
  cols: 3
  data: [349.92679965327847, 0.0, 345.84193792312834, 0.0, 349.12473831068314, 185.52051091660792, 0.0, 0.0, 1.0]
  distortion_model: plumb_bob
distortion_coefficients:
  rows: 1
  cols: 5
  data: [-0.17614233157539663, 0.02826050364540786, 0.0, 0.0, 0.0]
rectification_matrix:
  rows: 3
  cols: 3
  data: [0.9985439945249757, -0.01117984085849058, -0.05277217217894447, 0.011233670176965369, 0.9999366385836115, 0.0007235139689691705, 0.05276073968833734, -0.00131528570544939, 0.9986063160079914]
projection_matrix:
  rows: 3
  cols: 4
  data: [334.4024286125875, 0.0, 398.004207611084, 0.0, 0.0, 334.4024286125875, 185.2045612335205, 0.0, 0.0, 0.0, 1.0, 0.0]
