image_width: 672
image_height: 376
camera_name: right_camera
camera_matrix:
  rows: 3
  cols: 3
  data: [351.73417516214744, 0.0, 344.66436829944104, 0.0, 351.73417516214744, 183.19760099924315, 0.0, 0.0, 1.0]
distortion_model: plumb_bob
distortion_coefficients:
  rows: 1
  cols: 5
  data: [-0.1678480214689689, 0.024276285668475922, 0.0, 0.0, 0.0]
rectification_matrix:
  rows: 3
  cols: 3
  data: [0.9973228011278907, 0.00494184631524825, -0.07295758017789426, -0.0056948290046131035, 0.999932611213686, -0.01011642001835193, 0.07290266986212246, 0.010504817293792476, 0.997283735724492]
projection_matrix:
  rows: 3
  cols: 4
  data: [347.3702286280392, 0.0, 399.0559310913086, -41.6844274354, 0.0, 347.3702286280392, 180.82599449157715, 0.0, 0.0, 0.0, 1.0, 0.0]
