image_width: 672
image_height: 376
camera_name: right_camera
camera_matrix:
  rows: 3
  cols: 3
  data: [352.46445851322903, 0.0, 334.3284052939067, 0.0, 352.46445851322903, 177.00908913460017, 0.0, 0.0, 1.0]
distortion_model: plumb_bob
distortion_coefficients:
  rows: 1
  cols: 5
  data: [-0.1671213401124717, 0.02327896172440597, 0.0, 0.0, 0.0]
rectification_matrix:
  rows: 3
  cols: 3
  data: [0.995984347452031, -0.04089583206801766, -0.07964113604172542, 0.04052784103273374, 0.9991589730116945, -0.006232234867321159, 0.07982902812747741, 0.0029795250763312965, 0.9968041175168479]
projection_matrix:
  rows: 3
  cols: 4
  data: [359.2929248904484, 0.0, 401.4061164855957, -43.1151509869, 0.0, 359.2929248904484, 185.6399745941162, 0.0, 0.0, 0.0, 1.0, 0.0]
