image_width: 672
image_height: 376
camera_name: right_camera
camera_matrix:
  rows: 3
  cols: 3
  data: [350.42277013054996, 0.0, 351.7448975755739, 0.0, 349.5813721088584, 184.59412468342146, 0.0, 0.0, 1.0]
distortion_model: plumb_bob
distortion_coefficients:
  rows: 1
  cols: 5
  data: [-0.1741820005154599, 0.026689181778426004, 0.0, 0.0, 0.0]
rectification_matrix:
  rows: 3
  cols: 3
  data: [0.9977832535813784, -0.012126782182496082, -0.06543332504509375, 0.0120600118459485, 0.9999262737487249, -0.0014153378628006864, 0.06544566438530652, 0.000623073742498549, 0.9978559398992808]
projection_matrix:
  rows: 3
  cols: 4
  data: [334.4024286125875, 0.0, 398.004207611084, -40.1282914335, 0.0, 334.4024286125875, 185.2045612335205, 0.0, 0.0, 0.0, 1.0, 0.0]
